.Random.seed <-
c(403L, 10L, -72145208L, 1355569611L, -68891607L, 2134203000L, 
1977419686L, 428872129L, 1422067283L, 1215761666L, 1336278068L, 
-1489871433L, 111554989L, -1734880572L, -674396438L, -234788523L, 
-1943077137L, -2056733450L, 401533984L, 940256739L, -2103062911L, 
586803440L, 1003054990L, 948656377L, -1098087797L, 167969466L, 
-1764594244L, 1250203391L, -340895147L, 1295228268L, 1137153474L, 
916395549L, 1345293975L, 1883441150L, 1419711416L, 1878724507L, 
2059654649L, 1538774344L, -1075404682L, 619400625L, -138480669L, 
621588658L, 94969092L, 2048130631L, -1409152739L, 191465364L, 
-900871366L, 1397856133L, 2097431647L, -1257861402L, -1758481040L, 
-641237357L, 1355319089L, -357302816L, 1357277822L, -967247607L, 
-895902917L, -2444534L, -928703764L, -1168418961L, -2072045403L, 
1134940764L, -1396628942L, -428963539L, 51957735L, 1666152206L, 
-469931800L, -140756245L, 1655198601L, 1872310040L, 1091326534L, 
417583777L, 379049267L, 64302242L, -2033794156L, -122922473L, 
1432329741L, -1412383964L, -123721974L, -1856542091L, 735058383L, 
-2053119274L, -321370496L, 216451267L, -243882399L, -335905072L, 
1901930542L, -1190322727L, -47758869L, 1495745626L, 1937620508L, 
182652703L, 1058890613L, -159823348L, 1815301090L, 529561789L, 
-1783109833L, -1132105762L, 414997784L, 579825787L, 1840145945L, 
-284701016L, -1414136746L, 800938193L, 1331725443L, 1756768018L, 
1451770532L, -5108121L, 2029748157L, 1205072180L, 680129178L, 
-802852635L, 196686463L, -719324154L, 992645008L, 1804137011L, 
1586473425L, -1673036928L, -715770274L, -470848087L, -297812901L, 
320250986L, 1057611020L, 2009907023L, 990624773L, 2077844156L, 
439137170L, -1551765363L, -1106393401L, 84873134L, -901137912L, 
-240321013L, -1017399575L, 1303925176L, -246944154L, 684419841L, 
962215315L, 1443944002L, 665209332L, -1908427785L, -1647720467L, 
294363268L, -715999574L, 1511746581L, 1170300079L, 2137166518L, 
1813795040L, 1572264995L, 313910081L, -952308176L, -540947378L, 
-1349434183L, -1795145525L, 543894906L, 1841459324L, 1179473087L, 
-1135664747L, -118445652L, -730104958L, 1424376157L, 1427701847L, 
-1485187266L, 223387512L, 470627419L, -119553095L, -1695186424L, 
-974903114L, 2050625521L, -214025693L, -1293274510L, 435267780L, 
1773026951L, 2037315165L, -1928390572L, 255781498L, 120181189L, 
849314591L, 961228454L, -1368768464L, 134963923L, -715155215L, 
78292000L, 1602183870L, 150423241L, 441091195L, 1662827082L, 
-1101562196L, -159336017L, -646803099L, 540753692L, -1435163790L, 
-2035146771L, 2038321191L, -573716402L, 1975381160L, 943981227L, 
-213678135L, 365001688L, 415320710L, -1304040607L, -446697741L, 
698560866L, -150130732L, 141425367L, -1044414259L, 2090399844L, 
-1535388086L, 879846325L, -1343029489L, 892435478L, 835176128L, 
-1797513085L, 1645092001L, 1682911888L, -1762152082L, -88461543L, 
-880155733L, -752365158L, -336009892L, -1468064673L, 1927849013L, 
1305599948L, -1513219294L, -425810563L, 2059380343L, 46808990L, 
1364696664L, 1006352315L, -1387865767L, -948339444L, -641956128L, 
-2047779486L, -2033401176L, 2112379468L, -420235396L, 512060210L, 
-366264720L, 1588542788L, 1290107864L, 684003450L, 242116144L, 
-1833989444L, 1031006036L, -1076176318L, 2037066656L, 1972684988L, 
-1790664240L, -88767134L, -12905496L, 1549154252L, -2140440836L, 
-1463922702L, -1147331456L, -2136778508L, -1104644984L, -589339334L, 
-244563120L, 89082988L, -1480228716L, 1816009042L, -1076150560L, 
652325068L, -136677216L, 1866725762L, -1528842008L, -1145636628L, 
-1668073412L, -1323614094L, -1939593104L, 1116602916L, -183254472L, 
-861976038L, -818138928L, -835668420L, -1098560364L, 1288574082L, 
1509214144L, -1517621956L, 216030864L, 1837511714L, 2039156744L, 
709598348L, 1453015068L, -1166474094L, 225864832L, -1291000812L, 
1264067368L, -1417694150L, -2109723440L, -1114352532L, 297186996L, 
1620508690L, -1377157152L, -1478054964L, 1490853344L, 443354146L, 
-1392126680L, 1769077004L, -126513604L, 873645298L, -1561683728L, 
-720267452L, 1177129048L, 1129013818L, 1225509104L, -1809423684L, 
916048404L, 266570946L, 1819956832L, -1749604996L, -240343856L, 
-1157950430L, 1446701224L, 1975115148L, 1635140028L, -2068592590L, 
-253455552L, 2106662580L, -878276280L, 1890505402L, 197795600L, 
1993744620L, -575883180L, -145701102L, 710295968L, 1613883340L, 
-1924620448L, 1713327298L, 820514344L, -740513364L, -318479556L, 
1930429298L, -716468432L, 1963925540L, 1397808696L, 1290613466L, 
-1142261872L, 1445041404L, 1767828884L, 142787394L, 1600784896L, 
99534908L, -251829680L, 1729552546L, 1956799304L, -1582925300L, 
511220444L, -538628014L, -1690727296L, 682411860L, -2061459480L, 
719188730L, -1689327792L, 893912108L, 1915783540L, -1959899502L, 
-1078803872L, -2037829492L, 1864356192L, -615237406L, -2012828504L, 
-1124550964L, -475563524L, 1101933490L, -642907152L, 1057292740L, 
1521237336L, -1742409350L, -1982697040L, -950179396L, -418636204L, 
1227766210L, -1892818144L, 1485591484L, -1369165744L, 378051554L, 
583581544L, -793102516L, 462483196L, -1270946062L, -1967743744L, 
1056775284L, -788001272L, -1342462534L, 394995152L, -461101076L, 
-579703916L, 1313343698L, 2074539104L, 2129702220L, -385002720L, 
-1250735486L, 2090979816L, -1647338516L, -448360900L, -1314552206L, 
276065136L, 308718884L, -1984259528L, 1166754202L, 840429008L, 
483804604L, -1406751084L, 2009494146L, -1414795840L, -455813316L, 
-1907015024L, -1692817630L, -487340536L, 810246924L, -476933220L, 
252075026L, -1208243328L, -1955534060L, 109917480L, -2132230086L, 
-1860144176L, -1114342804L, 899828788L, 621146258L, 1914214752L, 
1671781708L, -2046839328L, -250111070L, -1275135064L, 94055564L, 
366044092L, -1397975950L, -1088870416L, -1111247804L, -1852987304L, 
-1309388742L, -220616592L, -484110788L, -1122072812L, -1720358206L, 
-1899851040L, 352044156L, 305736912L, 40993698L, -586154456L, 
-1842097908L, 1228584892L, -367476430L, 1757157568L, -1926139340L, 
1391536840L, 2134577850L, -1652286320L, -671566100L, 368883284L, 
1058076306L, -559487200L, 1111594956L, -767219488L, -1667981630L, 
80804812L, -515115430L, 56712015L, -2092199399L, -1178243026L, 
-1136280004L, -1393527891L, -146752425L, -2122466912L, 159064830L, 
-1833438773L, 2129278925L, 800832250L, 1619501368L, 206146273L, 
1356774803L, -1717525068L, -1013074238L, 178804439L, -525560031L, 
-2021519642L, -939915292L, 1392195349L, -1154371777L, 444615384L, 
-1711067402L, 18483459L, -1735108027L, -767501726L, -1740523056L, 
-130488583L, -1037552597L, -2111835236L, -1418417206L, -1704008513L, 
-717453815L, 515215134L, -1456834868L, 1430623901L, -336272601L, 
-820277936L, -2000620562L, 954940571L, -966781187L, 1172299242L, 
-95015288L, -291874767L, 658563747L, 2097719972L, 1325300562L, 
-346058073L, 392228593L, -22675914L, 980443860L, 1755756133L, 
1694966895L, 106880680L, 749960198L, 2013890867L, -1608395371L, 
1610545650L, 939128384L, -852961367L, -1016571365L, 1031435244L, 
149951482L, -2019909585L, -57241543L, -1560780210L, -198057316L, 
-1779079155L, -1158859657L, 41297024L, 1929442014L, -722902613L, 
1410390701L, 232242970L, 1767677912L, -1698288575L, 909974259L, 
2016501012L, -929879902L, 1032119735L, 1663072641L, -595640442L, 
53800388L, 589647093L, -1853233825L, -312506440L, -2046547306L, 
-2095131485L, 104001125L, -1445995646L, -707815184L, 1324679321L, 
1528436875L, -890453636L, -1135329366L, -1745420321L, 499871081L, 
1584779646L, -1446575764L, -1260684867L, -1957188985L, -601035152L, 
1436300558L, -1868195269L, -1238933219L, -1027337270L, 1139330280L, 
-998084655L, 38863299L, -1354618172L, -1273747086L, -1394756537L, 
688740369L, 503431574L, 2004653300L, 1576197765L, -1227573297L, 
-1074858296L, -1101140122L, -2123557485L, -897063179L, -1729100078L, 
781930784L, 365592841L, -1515313605L, 1519909772L, 1546967578L, 
1994123919L, -1692846631L, 1635359342L, -1744483844L, -1242109075L, 
-1766574825L, -2052914976L, 2034628286L, 743748747L, -894680307L, 
957014842L, -258090120L, -607344351L, -2122939949L, -945590028L, 
